7
0 57 0 103 2 71 1 82 1 404 3 -11
9
0 57 0 103 2 71 1 82 1 404 3 -11 6 -55 0 352
19
0 57 0 103 2 71 1 82 1 404 3 -11 6 -55 0 352 5 264 9 -393 9 195 9 -368 10 -296
11 -352 1 31 11 -20 13 -346 8 -329
119
0 57 0 103 2 71 1 82 1 404 3 -11 6 -55 0 352 5 264 9 -393 9 195 9 -368 10 -296
11 -352 1 31 11 -20 13 -346 8 -329 14 15 15 -224 9 366 7 118 18 305 1 205 5 148 17 271 5 -212 5 220 5 243 18 -343 6 -333 20 -51 13 201 27 362 0 -52 9 368 36 92 30 -301 7 246 33 -38 24 169 12 -283 36 -213 10 -177 5 -185 35 287 23 400 41 57 40 174 18 20 29 115 48 83 0 -142 5 -196 53 -161 43 -289 2 -191 45 152 41 -377
19 -48 32 -53 56 232
13 210 25 -185 46 -33 8 -339 31 -363 19 99 68 -383 65 -104 9 -106 68 219 2 313
13 82 65 -154 35 -403 52 350 18 167 21 223 20 325 30 -322 24 340 35 -134
6 -89 69 197 26 313 75 -57 33 -227 45 250 73 -1 24 -349 76 -336 72 253 92 -247 12 216 62 -140 75 378 78 142 44 23 48 42 6 -403 39 374 26 -250 65 310 20 140 60 -116 95 248 48 19 31 177 69 301
11 96 35 358 105 76 78 408 102 -365 68 67 46 314 30 83
719
0 57 0 103 2 71 1 82 1 404 3 -11 6 -55 0 352 5 264 9 -393 9 195 9 -368 10 -296
11 -352 1 31 11 -20 13 -346 8 -329 14 15 15 -224 9 366 7 118 18 305 1 205 5 148 17 271 5 -212 5 220 5 243 18 -343 6 -333 20 -51 13 201 27 362 0 -52 9 368 36 92 30 -301 7 246 33 -38 24 169 12 -283 36 -213 10 -177 5 -185 35 287 23 400 41 57 40 174 18 20 29 115 48 83 0 -142 5 -196 53 -161 43 -289 2 -191 45 152 41 -377
19 -48 32 -53 56 232
13 210 25 -185 46 -33 8 -339 31 -363 19 99 68 -383 65 -104 9 -106 68 219 2 313
13 82 65 -154 35 -403 52 350 18 167 21 223 20 325 30 -322 24 340 35 -134
6 -89 69 197 26 313 75 -57 33 -227 45 250 73 -1 24 -349 76 -336 72 253 92 -247 12 216 62 -140 75 378 78 142 44 23 48 42 6 -403 39 374 26 -250 65 310 20 140 60 -116 95 248 48 19 31 177 69 301
11 96 35 358 105 76 78 408 102 -365 68 67 46 314 30 83 43 -253 89 63 64 -384 40 -300 41 88 83 -98 2 -66 72 387 10 -80 2 -103 112 -406 65 380 12 250 125 -13 46 178 131 276 77 -139 127 407 68
216 59 125 100 -41 72 -186 38 -190 7 302 29 343 3 364 6 -169 39 120 51 322 17 -282 145 -367 70 -260 98 -225 129 246 49 -186 145 188 130 88 79 -354 47 -85 92 -352 75 220 50 -244 76 -109 154 144 22 -306 42 28 99 -127 116 48 76 -220 138 112 54 -54 129 -372 36 71 155 250 103 -90 149 -389 135 66 86 -41 77 -166 81 -35 89 -330 162 92 55 -34 137 -43 86 -41 98 -155 101 -6 155 -255 177 302 124 34 5 371 87 104 92 328 36 293 44 233 68 309 183 253 151 -180 53 189 147 86 73 35 14 -412 43 -265 183 367 151 -200 153 230 49 160 131 375 72 -111 123 -164 152 286 208
-281 63 -178 0 -358 144 379 41 1 36 -57 209 307 1 -186 138 199 172 146 57 -17 132 -59 99 -123 194 -196 170 -118 116 408 152 277 56 -136 30 260 156 -60 96 -207 146 -262 16
41 205 -94 233 151 34 -344 142 -333 131 206 177 338 11 -56 88 -63 89 -259 35 91 4 349 91 -217 44 -258 13 -396 238 -338 56 27 197 356 53 -371 191 -213 71 236 172 -230 135 373 161 -315 202 113 163 -403 140 -20 51 242 91 146 180
51 221 -299 78 201 135 -302 216 -94 100 336 217 1 30 215 17 -357 195 81 21 51 189 363 46 255 116 -13 211 -150 115 -226 98 -288 64 -75 88 166 278 395 198 -9 215 -327 184 4 139 -320 206 -277 168 63 224 348 111 -163 93 -58 121 -76 125 221 0 -408 78 303 79 288 166 -231 244 280 21 -177 67 -334 154 108 151 160 284 -385 193 358 255 -390 200 324 148 -381 172 -365 218 -237 45 -156 171 337 51 14 252 -177 294 404 206 -32 267 -113 261 107 207 235 54 -328 298 -155 26 227 80 263 33 266 159 195 309 219 70 124 301 353 41 -117 135 -360 161 -394 135 -160
301 209 2 68 18 -101 112 -193 69 31 289 -107 291 -322 126 -326 21 364 143 -400 118 327 65 -243 150 234
217 -223 268 -69 262 17 201 -197 251 255 87 168 335 -30 349 122 158 311 273 266 120 -280 54 147 284 -139 351 245 269 -98 52 -195 236 403 75 201
285 -125 354 73 7 -262 96 207 18 -332 301 -12 187 292 349 -97 164 154 301 -327 356 -314 253 -337 297 175 138 -204 165 -44 0 -179 282 -147 4 -338 73 286 265 58 342 188 168 -158 158 -228 6 -83 204 82 134 196 59 -18 277 262 311 -199 90 148 346 127 286 -356 192 -290 384 -309 213 103 295 406 213 -219 0 -173 282 254 302 -93 244 -237 0 57 22 389 376 -217 39 392 283 103 166 116 247 153 379 -412 89 150 51 -208 136 244 100 -130 237 -237 91 -296 94 116 17 311 85 217 26 73 220 -31 142 30 292 306 125 -4 241 -317 346 -24 312 280 251 -339 151 -278 60 401 422 -261 407 -222 18 87 42 190 368 406 163 362 328 -107 418 287 217 -133 12 -222 46 317 18 -171 30 -334 31 240 136 359 318 -279 285 9 106 -324 260 79 404 302 373 -279 421 118 292 317 25 282 262 -339 292 -326 383 82 147 -291 249 401 235 -162 103 -241 410 329 449 -355 136 126 325 259 410 41 403 170 314 77 208 -270 449 259 207 206 375 26 303 311 358 -324 368 -102 189 40 262 -228 62 -218 132 405 347 -152 90 351 268 -379 186 91 390 345 194 -289 72 -164 220 -146 457 1 219 270 474 160 22 -343 411 -354 409 -403 426 196 85 367 102 -270 304 237 355 238 453 136 315 -287 66 -39 198 287 280 -183 447 -340 487 -232 338 -363 463 -20 50 -129 27 -228 99 248 302 -36 496 321 219 103 0 35 469 -368 49 -256 96 -382 75 149 57 -60 233 205 189 55 77 -287 427 203 502 323 225 -216 169 97 438 180 358 -155 283 362 498 -291 453 213
11 266 381 -89 63 -129 98 -360 488 -380 124 -32 396 -46 13 374 335 136 326 382 207 151 54 -236 542 -110 128 266 467 -9 34 29 506 -265 141 -345 98 -317 181 400 316 -334 46 -352 253 -290 436 125 436 206 410 179 552 212 429 -41 36 150 269 50 136 116 34 163 474 4 539 -168 250 358 133 410 276 191 88 213 164 -89 388 337 398 91 484 74 211 -330 124 -253 35 -391 414 -113 351 -56 363 8 501 -184 110 74 345 345 98 350 384 -133 12 79 409 4 103 183 547 -140 11 -281 140 58 299 51 294 -226 301 -156 331 -246 328 251 105 -220 520 336 161 -343 530 -275 173 -165 213 392 129 399 138 46 45 392 212 -116 494 265 538 68 453 -224 235 -233 49 -187 465 362 339 -14 361 -43 245 251 557 169 511 -65 267 59 9 360 575 369
377 -166 408 -357 53 295 92 -324 393 380 203 148 574 -275 6 259 546 -209 32 -63 428 125 600 -193 264 226 545 -215 285 156 427 76 351 384 158 -331 398 -157 321 193 40 14 146 -295 475 -100 281 369 543 -382 604 -330 35 -161 25 -7 486 -250 635 -61 332 -194 180 114 318 -339 38 218 206 214 578 11 294 90 255 -242 258 -393 633 -387 552 66 289 -138 140 317 466 -357 503 307 445 50 90 390 159 -219 616 -117 641 -268 171 -195 322 363 524 -268 14 -232 426 390 222 -291 430 302 501 -222 331 197 158 -200 531 -306 209 241 414 -128 658 -97
515 181 683 -23 220 119 9 229 471 -12 130 -195 579 -174 183 82 546 209 373 28 18 312 216 -181 387 -290 398 232 431 -39 629 10 415 297 27 410 529 381 686 321 36 -109 545 -411 391 230 497 -201 78 67 21 -171 146 -105 172 78 516 -253 688 38 21 -68 128 106 411 307 653 -51 14 -368 28 -317
919
0 -143 0 21 2 43 1 -92 1 -230 3 159 6 -243 0 178 5 136 9 139 9 243 9 -4 10 108
11 -226 1 43 11 168 13 -130 8 175 14 -261 15 -54 9 -68 7 -44 18 113 1 77 5 212 17 -117 5 250 5 -142 5 221 18 155 6 -55 20 -131 13 -49 27 -208 0 146 9 -230 36 140 30 -253 7 -230 33 -182 24 -129 12 255 36 89 10 -53 5 -49 35 -167 23 -70 41 -201 40 -46 18 -162 29 -111 48 221 0 96 5 200 53 -3 43 259 2 -169 45 -82 41 -29
19 -136 32 -55 56 82
13 40 25 -191 46 99 8 93 31 -35 19 -153 68 11 65 -26 9 190 68 -231 2 -11
13 114 65 -146 35 -115 52 -234 18 131 21 127 20 167 30 178 24 52 35 250
6 -23 69 173 26 127 75 -21 33 -131 45 104 73 -57 24 117 76 12 72 111 92 5 12 -164 62 28 75 46 78 -78 44 -187 48 38 6 -177 39 158 26 -176 65 -138 20 84 60 222 95 -196 48 73 31 -85 69 -99
11 22 35 254 105 -70 78 128 102 53 68 9 46 -92 30 -89 43 217 89 -93 64 50 40 204 41 50 83 242 2 -238 72 163 10 -20 2 69 112 222 65 94 12 174 125 -93 46 220 131 -130 77 205 127 -119 68
12 59 -59 100 -197 72 110 38 184 7 -244 29 75 3 52 6 -37 39 88 51 -218 17 216 145 153 70 -114 98 -175 129 68 49 64 145 -72 130 50 79 -118 47 -25 92 244 75 252 50 240 76 235 154 -156 22 -176 42 -90 99 155 116 58 76 114 138 188 54 -78 129 196 36 75 155 180 103 64 149 -97 135 224 86 -19 77 -174 81 11 89 190 162 146 55 -40 137 -153 86 -219 98 -83 101 116 155 -127 177 -168 124 174 5 91 87 96 92 132 36 263 44 1 68 11 183 -239 151 -212 53 -163 147 76 73 -165 14 88 43 249 183 137 151 90 153 -228 49 -192 131 -217 72 -255 123 -220 152 -238 208
-171 63 -128 0 72 144 47 41 -205 36 -235 209 73 1 -106 138 -173 172 -58 57 25 132 -27 99 213 194 74 170 230 116 -26 152 119 56 236 30 -74 156 -104 96 -101 146 -122 16
-121 205 -256 233 115 34 104 142 -103 131 -88 177 -96 11 116 88 65 89 -99 35 -151 4 3 91 -213 44 -60 13 -170 238 -218 56 -149 197 24 53 -133 191 -19 71 140 172 184 135 75 161 -39 202 -159 163 153 140 32 51 228 91 -190 180
-73 221 -193 78 205 135 -74 216 30 100 -90 217 125 30 193 17 155 195 -65 21 247 189 -45 46 -79 116 21 211 -244 115 -210 98 -244 64 -153 88 182 278 229 198 -221 215 -219 184 -98 139 -144 206 -71 168 -187 224 -246 111 -233 93 -200 121 -178 125 -105 0 30 78 -143 79 208 166 197 244 84 21 -55 67 94 154 238 151 8 284 199 193 -202 255 90 200 -160 148 139 172 199 218 -49 45 -156 171 79 51 74 252 179 294 -184 206 260 267 73 261 123 207 249 54 -4 298 -197 26 -123 80 -55 33 262 159 177 309 -83 70 -252 301 235 41 153 135 -20 161 -108 135 -160
301 -83 2 -90 18 235 112 23 69 -5 289 -21 291 206 126 -22 21 -230 143 -194 118 -109 65 -251 150 68
217 -255 268 -111 262 87 201 -257 251 -51 87 234 335 -104 349 -168 158 241 273 -170 120 -128 54 87 284 89 351 -1 269 120 52 -179 236 -121 75 -11
285 -5 354 233 7 34 96 -125 18 -80 301 188 187 110 349 -113 164 -106 301 211 356 234 253 149 297 257 138 -192 165 -236 0 29 282 141 4 -226 73 -222 265 -4 342 -222 168 -100 158 178 6 -19 204 -140 134 4 59 -112 277 -6 311 -109 90 -52 346 171 286 192 192 256 384 179 213 119 295 -214 213 -205 0 -139 282 150 302 47 244 213 0 -121 22 143 376 31 39 -216 283 65 166 120 247 151 379 -244 89 56 51 148 136 172 100 -6 237 -25 91 46 94 -84 17 -219 85 -225 26 -183 220 -205 142 102 292 52 125 -254 241 -115 346 -48 312 198 251 203 151 -10 60 9 422 1 407 -180 18 -23 42 -154 368 -122 163 -190 328 -9 418 157 217 -117 12 204 46 -53 18 -235 30 220 31 248 136 -225 318 27 285 75 106 -38 260 -239 404 -150 373 129 421 -92 292 113 25 212 262 -93 292 -136 383 78 147 41 249 -71 235 142 103 33 410 -109 449 -165 136 -128 325 -161 410 -151 403 166 314 239 208 236 449 131 207 66 375 84 303 13 358 -22 368 198 189 238 262 -234 62 130 132 -107 347 256 90 149 268 -187 186 -245 390 45 194 189 72 -20 220 122 457 109 219 -52 474 16 22 151 411 -92 409 -75 426 86 85 -87 102 122 304 -65 355 154 453 -258 315 197 66 91 198 149 280 203 447 202 487 -140 338 -69 463 206 50 57 27 4 99 -112 302 76 496 -61 219 211 0 79 469 136 49 -144 96 -244 75 -219 57 -24 233 -221 189 -71 77 -77 427 -169 502 99 225 -118 169 -11 438 124 358 -91 283 -28 498 113 453 239
11 212 381 217 63 -89 98 24 488 126 124 -30 396 -124 13 -80 335 -256 326 92 207 -237 54 248 542 -36 128 156 467 -241 34 -129 506 -253 141 -125 98 -143 181 154 316 138 46 -48 253 248 436 181 436 -248 410 -105 552 50 429 161 36 30 269 -248 136 -162 34 213 474 -108 539 96 250 -190 133 -92 276 67 88 119 164 97 388 -211 398 -199 484 90 211 -68 124 -219 35 -1 414 37 351 18 363 -102 501 28 110 -208 345 197 98 -168 384 27 12 41 409 246 103 -77 547 -242 11 91 140 -190 299 -45 294 -120 301 -102 331 52 328 201 105 130 520 208 161 61 530 135 173 203 213 124 129 -65 138 146 45 -184 212 160 494 -23 538 76 453 -190 235 81 49 3 465 -32 339 -58 361 199 245 99 557 5 511 125 267 25 9 -232 575 -257
377 -100 408 189 53 -79 92 62 393 -138 203 -260 574 -191 6 -17 546 -115 32 -133 428 181 600 -87 264 88 545 -195 285 -4 427 56 351 -40 158 95 398 -211 321 -119 40 -186 146 -103 475 -238 281 -7 543 -58 604 -26 35 93 25 237 486 -166 635 171 332 112 180 -82 318 -167 38 62 206 -90 578 13 294 158 255 -98 258 -107 633 203 552 30 289 114 140 89 466 -173 503 -57 445 -246 90 160 159 -69 616 -81 641 36 171 117 322 61 524 -100 14 80 426 188 222 -83 430 240 501 6 331 173 158 18 531 208 209 213 414 124 658 -157
515 -171 683 199 220 181 9 1 471 10 130 187 579 244 183 -106 546 119 373 -46 18 240 216 -217 387 0 398 -236 431 215 629 -64 415 147 27 184 529 -215 686 105 36 245 545 -99 391 174 497 233 78 -117 21 -109 146 -125 172 198 516 -199 688 220 21 -216 128 70 411 -113 653 -165 14 168 28 7 226 105 621 153 188 -119 292 77 300 111 350 -51 222 -21 139 185 726 -114 483 -15 480 -205 601 60 114 -106 123 -124 595 -156 341 -260 363 -106 302 -243 620 -116 105 135 539 -57 306 161 63 129 603 86 224 -193 527 202 677 -34 175 -32 460 262 447 -16 489 143 70 -223 488 -113 751 -152 293 217 345 -161 287 -108 94 -51 382 -261 366 175 381 122 44 237 420 -223 702 -114 54 134 342 -64 165 -17 749 261 424 -221 23 89 556 142 564 -27 637 227 88 -77 31 82 431 87 49 207 566 -70 435 -167
274 -117 481 -165 479 45 151 -6 699 2 447 -53 563 45 321 -250 742 -82 526 -254 242 -84 534 170 554 149 732 136 112 -46 561 -181 148 187 272 -84 304 -49 314 -231 194 134 192 4 175 -17 54 -9 136 -134 417 -145 70 183 337 57 507 33 107 -119 716 71 69 21 729 -122 399 34 621 198 653 149 702 -174 280 140 317 -154 427 -148 280 214
666 43 74 64 820 -89 242 61 653 -60 289 225 488 -211 356 -61 492 -56 684 -31 277 204 505 -79 498 186 395 -131 332 58 207 182 219 -260 14 -172 50 -79 428 -47 661 207 710 -190 194 149 21 -48 591 -199 399 -247 707 -41 684 -231 42 261 125 176 66 -62 493 -216 663 20 409 -255 523 71 304 1 737 221 130 -151 243 217 197 89 360 101 155 -187 460 102 76 -183 380 -97 320 -15 818 -144 409 -124 658 8 307
-138 55 248 150 203 193 110 195 66 800 -182 483 -229 766 69 154 211 1 -96 536 173 862 -118 784 214 64 -249 160 114 260 10 873 -137 600 221 462 -226 441 -195 525 95 121 49 246 -114 377 -74 658 221 337 -135 559 -27 838 -236 570 -81 869 -160 297 80 732 -167 626 35 627 115 282 20 240 206 839 113 638 -224 149 7 53 3 760 -94 726 -12 312 191 590 -7 872 -87 478 2 444 180 515 -54 447 -188 658 2 816 -82
1249
0 49 0 85 2 -231 1 -4 1 104 3 -107 6 -219 0 -186 5 222 9 339 9 15 9 154 10 352
11 -150 1 -15 11 -112 13 -162 8 -29 14 -123 15 214 9 -82 7 220 18 87 1 -317 5 76 17 -285 5 24 5 332 5 -177 18 -65 6 -11 20 -1 13 281 27 -228 0 -358 9 -214 36 282 30 -335 7 112 33 -228 24 89 12 43 36 -317 10 -127 5 67 35 137 23 120 41 231 40 -88 18 -222 29 189 48 -121 0 252 5 24 53 -177 43 297 2 315 45 -190 41 -357
19 -266 32 43 56 36
13 44 25 -37 46 -157 8 167 31 227 19 -57 68 -257 65 -140 9 -128 68 -139 2 289
13 -246 65 114 35 -231 52 -254 18 -93 21 103 20 -69 30 -246 24 -14 35 -172
6 -41 69 -33 26 85 75 361 33 157 45 314 73 207 24 -115 76 346 72 91 92 361 12 276 62 278 75 -64 78 138 44 285 48 330 6 307 39 244 26 192 65 180 20 86 60 162 95 -52 48 -59 31 361 69 -5
11 362 35 216 105 116 78 220 102 329 68 191 46 -32 30 -359 43 -205 89 -247 64 -316 40 276 41 302 83 346 2 208 72 -11 10 268 2 -183 112 112 65 -170 12 -80 125 -67 46 254 131 228 77 243 127 177 68
220 59 245 100 219 72 320 38 172 7 122 29 171 3 26 6 341 39 28 51 -52 17 -204 145 235 70 306 98 261 129 -280 49 -270 145 16 130 -308 79 -80 47 -275 92 -306 75 -112 50 40 76 -111 154 -130 22 346 42 -172 99 -335 116 292 76 -144 138 -124 54 298 129 34 36 81 155 174 103 -272 149 -345 135 -20 86 49 77 40 81 -263 89 -118 162 190 55 -180 137 -353 86 331 98 -273 101 224 155 363 177 -108 124 182 5 193 87 -48 92 136 36 -119 44 209 68 145 183 -71 151 310 53 -21 147 328 73 -147 14 228 43 -203 183 31 151 288 153 238 49 278 131 -185 72 183 123 -68 152 284 208
-15 63 -176 0 -268 144 -339 41 -295 36 291 209 1 1 -248 138 299 172 -146 57 -129 132 353 99 -313 194 -248 170 286 116 214 152 -329 56 164 30 -180 156 -144 96 31 146 348 16
349 205 -50 233 -287 34 -362 142 103 131 180 177 18 11 -160 88 115 89 329 35 17 4 -85 91 -309 44 -216 13 -274 238 -28 56 209 197 180 53 -361 191 87 71 294 172 -140 135 -171 161 -259 202 167 163 129 140 358 51 -268 91 -42 180
-185 221 -81 78 263 135 36 216 314 100 -196 217 -163 30 -81 17 137 195 -273 21 -265 189 149 46 -19 116 121 211 -142 115 288 98 206 64 -171 88 292 278 -67 198 -47 215 -307 184 258 139 -278 206 -225 168 -299 224 232 111 239 93 306 121 58 125 -87 0 -192 78 29 79 24 166 -257 244 352 21 -339 67 -358 154 -244 151 -114 284 -205 193 -240 255 90 200 -270 148 -79 172 191 218 287 45 350 171 259 51 -258 252 -309 294 -306 206 136 267 171 261 35 207 57 54 -168 298 -227 26 -181 80 -191 33 -104 159 -261 309 167 70 -206 301 -129 41 -155 135 356 161 334 135 94
301 -71 2 -302 18 271 112 117 69 -115 289 321 291 -62 126 18 21 -212 143 26 118 157 65 105 150 192
217 33 268 -305 262 151 201 -351 251 -315 87 126 335 -158 349 -310 158 321 273 -114 120 336 54 -137 284 61 351 -305 269 -74 52 123 236 -19 75 277
285 231 354 -143 7 -152 96 -17 18 200 301 32 187 -286 349 -65 164 -12 301 -191 356 -72 253 219 297 -223 138 -94 165 -16 0 -265 282 357 4 22 73 -44 265 36 342 -300 168 -36 158 -166 6 -345 204 48 134 12 59 304 277 172 311 -59 90 256 346 21 286 156 192 346 384 -293 213 277 295 -132 213 267 0 31 282 134 302 -51 244 95 0 -93 22 295 376 -195 39 -50 283 221 166 -150 247 -129 379 -108 89 2 51 52 136 104 100 -96 237 -87 91 270 94 320 17 151 85 331 26 -73 220 363 142 162 292 134 125 112 241 -113 346 -164 312 156 251 201 151 320 60 135 422 -349 407 -124 18 91 42 -60 368 30 163 -60 328 -143 418 273 217 149 12 80 46 -33 18 -31 30 -148 31 320 136 267 318 79 285 277 106 -48 260 -41 404 -326 373 157 421 -162 292 -229 25 124 262 -143 292 -48 383 94 147 -5 249 -263 235 252 103 -21 410 251 449 -53 136 98 325 -295 410 -17 403 -200 314 311 208 -44 449 -347 207 -270 375 362 303 201 358 -100 368 328 189 -8 262 168 62 -260 132 -17 347 186 90 -47 268 -161 186 -161 390 -275 194 -213 72 54 220 92 457 71 219 -90 474 214 22 -167 411 226 409 -225 426 -108 85 341 102 286 304 -325 355 258 453 -58 315 267 66 181 198 -33 280 -315 447 20 487 332 338 291 463 44 50 235 27 -272 99 -136 302 -130 496 -319 219 -53 0 -21 469 -250 49 -22 96 -340 75 -273 57 -354 233 169 189 -209 77 -241 427 1 502 197 225 -130 169 11 438 -208 358 -165 283 -22 498 245 453 163
11 -352 381 37 63 57 98 56 488 -126 124 304 396 -354 13 -168 335 132 326 -334 207 43 54 18 542 36 128 -224 467 -317 34 355 506 7 141 -249 98 267 181 -56 316 -98 46 22 253 90 436 -285 436 348 410 27 552 156 429 -27 36 214 269 -186 136 166 34 -271 474 -262 539 -70 250 -122 133 284 276 -325 88 171 164 -91 388 191 398 161 484 338 211 316 124 165 35 -171 414 357 351 158 363 308 501 190 110 -338 345 125 98 352 384 113 12 -13 409 330 103 155 547 -130 11 -133 140 -28 299 75 294 350 301 -10 331 122 328 339 105 358 520 -72 161 -155 530 -43 173 -289 213 262 129 -237 138 -152 45 196 212 -136 494 -229 538 326 453 -114 235 321 49 209 465 346 339 -20 361 -281 245 -191 557 -27 511 185 267 -29 9 142 575 211
377 -26 408 83 53 -259 92 -244 393 -144 203 -208 574 -297 6 -55 546 -5 32 361 428 181 600 215 264 330 545 -299 285 110 427 116 351 218 158 19 398 -31 321 97 40 -120 146 193 475 150 281 209 543 -246 604 -22 35 -211 25 -75 486 308 635 -97 332 -214 180 26 318 225 38 -16 206 344 578 181 294 -246 255 48 258 257 633 -171 552 -350 289 -166 140 -61 466 189 503 -131 445 -8 90 178 159 143 616 115 641 76 171 -237 322 29 524 -212 14 -70 426 280 222 -119 430 -280 501 250 331 -21 158 80 531 -278 209 321 414 -324 658 331
515 -75 683 235 220 183 9 155 471 -212 130 95 579 -264 183 -316 546 329 373 -78 18 -134 216 -287 387 68 398 308 431 -295 629 236 415 -65 27 -138 529 -305 686 183 36 -203 545 -321 391 -308 497 267 78 -125 21 173 146 331 172 -88 516 -29 688 -136 21 202 128 256 411 -235 653 -213 14 -80 28 271 226 -349 621 -109 188 59 292 77 300 283 350 69 222 -69 139 -47 726 -274 483 -59 480 -125 601 -210 114 126 123 -78 595 162 341 30 363 342 302 303 620 -170 105 303 539 297 306 1 63 39 603 -202 224 279 527 -124 677 264 175 316 460 -246 447 -320 489 -55 70 -235 488 229 751 310 293 -71 345 -275 287 -276 94 -101 382 -311 366 -215 381 162 44 -313 420 161 702 -344 54 242 342 -104 165 -47 749 -71 424 -101 23 321 556 324 564 301 637 -87 88 299 31 322 431 -223 49 271 566 -102 435 -253
274 -163 481 -81 479 -279 151 -138 699 100 447 213 563 149 321 -212 742 -320 526 242 242 136 534 -146 554 -15 732 96 112 -42 561 341 148 81 272 -184 304 -261 314 53 194 246 192 102 175 17 54 -201 136 -264 417 -93 70 -21 337 299 507 45 107 -33 716 -231 69 351 729 -70 399 -102 621 84 653 -53 702 282 280 200 317 300 427 -94 280 -74
666 -287 74 -208 820 259 242 255 653 332 289 183 488 79 356 109 492 -56 684 217 277 -34 505 21 498 10 395 269 332 4 207 272 219 328 14 -60 50 -283 428 -123 661 -163 710 -92 194 -17 21 -178 591 -297 399 77 707 223 684 259 42 -79 125 -346 66 -126 493 118 663 -144 409 -207 523 39 304 -267 737 -279 130 65 243 -151 197 -205 360 -311 155 357 460 236 76 -207 380 -353 320 -5 818 148 409 -68 658 -32 307
342 55 182 150 -205 193 94 195 -122 800 362 483 253 766 -357 154 -71 1 258 536 -61 862 -154 784 -60 64 315 160 -330 260 248 873 127 600 -9 462 140 441 291 525 -9 121 -265 246 230 377 134 658 317 337 43 559 -187 838 340 570 41 869 30 297 46 732 -213 626 -251 627 329 282 -276 240 156 839 -251 638 -188 149 57 53 129 760 -198 726 184 312 -257 590 93 872 -9 478 -334 444 -216 515 -72 447 186 658 -132 816 -260 223 -295 116 22 97 -190 289 -200 562 -225 578 -334 667 -327 622 16 673 74 6 -17 922 261 284 -318 742 349 87 -171 153 267 6 241 591 -343 304 -282 303 50 843 -339 192 251 604 -160 163 142 374 358 700 -335 247 70 1 -229 14 -11 134 -305 121 -310 575 -359 379 334 467 250 664 205 462 -300 55 -324 43 -15 605 -9 519 -60 757 315 449 -65 163 200 266 -310 412 153 894 -158 227 -173 270 -212 685 -242 374 342 114 -248 465 95 6 -236 469 240 300 -201 431 -264 765 119 858 -308 364 -303 18 -22 624 347 934 177 916 -286 618 -202 548 -130 341 218 80 -317 975 323 905 -301 366 -346 678 -129 865 242 209 85 72 124 782 127 68 -150 163 27 272 -80 622 360 330 -263 190 -128 103 156 96 -212 283 -116 594 23 744 102 415 256 402 -233 973 141 292 165 653 321 873 79 18 -78 77 -90 370 210 528 360 154 2 566 -255 660 181 959 173 355 329 25 -101 920 284 973 247 192 29 730 352 468 -327 595 345 240 -81 917 -25 178 10 858 72 881 15 847 141 971 176 168 -166 821 212 551 132 45 -172 346 -359 731 -233 764 291 374 20 648 -360 124 293 671 119 843 201 373 -295 677 259 184 -125 7 167 531 -298 835 -303 460 305 63 -130 777 -295 728 246 526 102 221 -337 74 266 993 94 764 -173 135 -324 997 320 964 22 118 -221 521 333 236 -175 132 -11 227 -141 765 -288 676 -362 642 -226 763 313 622 -25 808 274 352 -295 90 346 885 253 13 -178 789 132 276 -205 923 -246 775 -299 466 76 495 -111 898 -61 807 58 424 -161 233 203 263 -91 970 286 1060 -311 392 58 248 100 964 156 302 3 783 -13 764 106 20 195 444 300 553 337 163 65 1047 -241 686 37
413 -68 439 358 398 23 131 -180 570 -169 30 -7 627 26 669 -322 487 -242 863 335 962 186 755 56
74 110
524 -74 1014 304 452 -20 239 -216 1080 216 1069 -279 23 -298 40 -255 924 363 710 -222 907 -242 793 152 898 -162 709 -178
763 -217 742 -160 781 -339 482 -95 143 -208 449 -317 703 -187 505 -260 1035 0 57 -302 230 85 756 -27 186 -157 612 -10 827 -91 164 135 334 -246 225 -145 245 38 192 328 213 156 362 -97 1040 43 859 -291 831 207 211 62 351 -190 964 -166
1126 210 724 -32 397 290 225 40 1011 168 464 -241 1157 75 282 142 659 334 198 163 865
-205 719 87 161 -148 968 -340 137 -217 1008 -261 350 165 567 -95 770 -176 583 52 459 317 65 312 650 -270 182 102 747 -44 1056 -156 207 224
567 29 575 131 297 314 1074 354 256 42 747 -71 121 171 242 -161 676 183 286 -125 676 218 610 -151 248 -212
1173 256 38 -237 0 252 687 -44 538 -265 848 -219 128 10 1108 358 231 90 160 120 709 -273 585 -3 126 102 1166 160 520 355 643 -63 940 13 148 -204 536 -83 549 52 93 320 874 -109 247 -135 578 305 39 -34 1197 -112 742 3 907 215 414 172 864 -60 236 74 547 211 1058 -71 44 180 745 299 764 -178 1062 24 814 -59 1149 -89 649 309 915 -195 307 52 1125 -199 1127 -45
647 -1 623 -303 776 225 429 66 413 -327 1047 133 33 113
1049
0 -79 0 -19 2 -23 1 -62 1 68 3 89 6 109 0 -16 5 80 9 17 9 63 9 -24 10 28
11 44 1 -85 11 -52 13 -98 8 7 14 113 15 34 9 -24 7 18 18 33 1 -5 5 20 17 65 5 -88 5 -96 5 -99 18 37 6 91 20 39 13 -65 27 -106 0 -92 9 -40 36 -74 30 57 7 -52 33 -20 24 -97 12 49 36 -53 10 91 5 55 35 -21 23 34 41 23 40 -110 18 4 29 -91 48 47 0 -62 5 90 53 -17 43 -1 2 -3 45 38 41 39
19 54 32 9 56 34
13 -6 25 -11 46 51 8 39 31 67 19 -31 68 -71 65 -10 9 -70 68 33 2 41
13 34 65 86 35 39 52 70 18 27 21 -1 20 107 30 46 24 30 35 60
6 -109 69 43 26 77 75 -23 33 -11 45 -90 73 93 24 69 76 -46 72 31 92 111 12 58 62 54 75 -108 78 72 44 -81 48 -24 6 95 39 -26 26 16 65 54 20 -78 60 4 95 106 48 -79 31 57 69 95
11 44 35 72 105 -74 78 -106 102 55 68 -17 46 90 30 63 43 37 89 -7 64 -90 40 -12 41 -46 83 -54 2 20 72 -69 10 -50 2 -57 112 -78 65 0 12 -72 125 31 46 -94 131 -30 77 17 127 -69 68
4 59 105 100 -51 72 -112 38 60 7 60 29 -53 3 -42 6 19 39 -104 51 0 17 28 145 11 70 38 98 -89 129 -20 49 34 145 -42 130 -6 79 -48 47 -65 92 -48 75 54 50 -44 76 55 154 -82 22 -40 42 64 99 -37 116 -64 76 -112 138 -24 54 -48 129 12 36 -107 155 -38 103 102 149 29 135 -74 86 1 77 72 81 47 89 86 162 60 55 104 137 -27 86 -7 98 105 101 -82 155 -9 177 40 124 40 5 -53 87 84 92 16 36 113 44 111 68 -95 183 -39 151 -20 53 33 147 -70 73 89 14 -76 43 -43 183 -23 151 28 153 72 49 -98 131 109 72 51 123 -58 152 -92 208
47 63 -78 0 82 144 -1 41 39 36 -1 209 -93 1 -22 138 -9 172 16 57 -21 132 45 99 -15 194 -14 170 2 116 -36 152 93 56 20 30 -18 156 -82 96 47 146 48 16
43 205 -32 233 83 34 52 142 -43 131 92 177 108 11 2 88 -27 89 -107 35 29 4 17 91 -97 44 -52 13 -38 238 88 56 89 197 18 53 -105 191 31 71 18 172 56 135 87 161 -29 202 -65 163 -53 140 40 51 4 91 110 180
1 221 -31 78 -33 135 -18 216 62 100 -48 217 39 30 3 17 85 195 -71 21 89 189 -63 46 -31 116 -71 211 82 115 56 98 108 64 -111 88 22 278 -83 198 67 215 -1 184 16 139 90 206 -1 168 -101 224 20 111 65 93 -26 121 32 125 43 0 80 78 -89 79 -46 166 71 244 94 21 -31 67 -12 154 -102 151 98 284 -55 193 -46 255 -70 200 -40 148 -49 172 59 218 39 45 -58 171 51 51 -56 252 -11 294 108 206 34 267 23 261 -37 207 -75 54 -56 298 -9 26 69 80 15 33 22 159 89 309 99 70 -6 301 33 41 1 135 -40 161 -54 135 -20
301 -89 2 -74 18 -55 112 69 69 -11 289 103 291 -4 126 36 21 -24 143 -96 118 -89 65 31 150 -48
217 -103 268 -73 262 47 201 -95 251 3 87 96 335 32 349 98 158 45 273 -28 120 58 54 67 284 -67 351 61 269 -68 52 75 236 -5 75 1
285 67 354 -51 7 54 96 91 18 34 301 -100 187 -74 349 109 164 -56 301 93 356 -46 253 -9 297 -73 138 -66 165 24 0 3 282 -81 4 82 73 -82 265 -82 342 -24 168 40 158 94 6 -5 204 -26 134 52 59 0 277 -14 311 -103 90 80 346 -103 286 -28 192 22 384 75 213 -97 295 -94 213 -83 0 -95 282 -26 302 23 244 81 0 -63 22 7 376 -19 39 -106 283 3 166 -86 247 -79 379 -50 89 76 51 60 136 106 100 96 237 -95 91 -64 94 -6 17 -97 85 -55 26 -73 220 77 142 -48 292 -112 125 4 241 -109 346 -96 312 12 251 -51 151 -94 60 -111 422 71 407 -94 18 -51 42 100 368 110 163 -8 328 -39 418 89 217 -99 12 -52 46 -37 18 57 30 -72 31 -70 136 13 318 67 285 -83 106 -100 260 113 404 96 373 79 421 62 292 3 25 60 262 13 292 -8 383 -64 147 69 249 75 235 -26 103 -87 410 -53 449 -59 136 38 325 -25 410 105 403 42 314 99 208 -44 449 87 207 -78 375 -54 303 57 358 -60 368 88 189 -60 262 20 62 -44 132 -65 347 -94 90 -111 268 -85 186 39 390 21 194 105 72 24 220 -46 457 -63 219 68 474 44 22 -37 411 112 409 -59 426 -80 85 -27 102 -4 304 105 355 -22 453 -92 315 -49 66 95 198 103 280 85 447 -68 487 32 338 53 463 -22 50 -41 27 -72 99 -98 302 -26 496 -105 219 -89 0 103 469 8 49 74 96 28 75 101 57 76 233 -51 189 -49 77 55 427 45 502 103 225 -88 169 -105 438 -74 358 -71 283 -92 498 83 453 13
11 98 381 31 63 71 98 108 488 42 124 -108 396 -48 13 -24 335 26 326 60 207 23 54 24 542 110 128 -78 467 3 34 -103 506 -45 141 57 98 95 181 -46 316 -16 46 58 253 86 436 99 436 -28 410 79 552 34 429 1 36 50 269 -20 136 36 34 43 474 32 539 -112 250 -48 133 -84 276 -29 88 39 164 -47 388 65 398 -19 484 -52 211 34 124 47 35 15 414 -57 351 -84 363 64 501 86 110 62 345 99 98 -88 384 29 12 101 409 6 103 -79 547 26 11 -105 140 -46 299 21 294 -12 301 -10 331 -12 328 -89 105 72 520 18 161 -47 530 -99 173 79 213 -100 129 -31 138 2 45 -70 212 -6 494 97 538 20 453 -102 235 23 49 85 465 110 339 62 361 61 245 -89 557 83 511 -49 267 -85 9 24 575 97
377 24 408 81 53 -99 92 -100 393 52 203 60 574 -63 6 -73 546 -69 32 33 428 -87 600 15 264 62 545 -19 285 -90 427 20 351 -74 158 97 398 5 321 -111 40 110 146 39 475 -110 281 47 543 50 604 -74 35 -23 25 -77 486 34 635 57 332 66 180 -54 318 109 38 -18 206 24 578 21 294 20 255 14 258 -103 633 -9 552 -64 289 -24 140 -55 466 53 503 -3 445 -24 90 42 159 -15 616 -91 641 -4 171 -41 322 63 524 108 14 82 426 2 222 -5 430 -108 501 78 331 -81 158 -74 531 24 209 59 414 110 658 35
515 91 683 67 220 -33 9 -73 471 6 130 93 579 94 183 -20 546 15 373 86 18 -82 216 -55 387 60 398 -112 431 -81 629 6 415 -93 27 -54 529 -95 686 -109 36 59 545 -75 391 54 497 -79 78 -101 21 -25 146 57 172 -2 516 21 688 -42 21 0 128 14 411 27 653 13 14 74 28 -55 226 -3 621 77 188 -23 292 -51 300 63 350 63 222 -45 139 105 726 36 483 73 480 -43 601 94 114 10 123 74 595 -88 341 -94 363 -40 302 -73 620 46 105 -79 539 109 306 51 63 77 603 -72 224 71 527 0 677 -110 175 36 460 -52 447 -96 489 -23 70 -5 488 -19 751 -94 293 101 345 69 287 58 94 -31 382 41 366 -59 381 -38 44 -95 420 65 702 -48 54 90 342 12 165 -85 749 -63 424 -101 23 25 556 64 564 19 637 55 88 -49 31 36 431 9 49 45 566 98 435 1
274 -17 481 -103 479 -41 151 44 699 -92 447 67 563 -1 321 12 742 -52 526 66 242 108 534 10 554 103 732 -112 112 50 561 -79 148 -61 272 10 304 111 314 -37 194 6 192 42 175 99 54 55 136 -6 417 -105 70 45 337 95 507 75 107 111 716 21 69 -1 729 -12 399 -76 621 44 653 71 702 54 280 28 317 -90 427 38 280 -76
666 15 74 -52 820 -15 242 -11 653 -108 289 -65 488 -59 356 105 492 46 684 -87 277 -100 505 65 498 -52 395 59 332 -88 207 40 219 -4 14 0 50 -1 428 49 661 -99 710 -6 194 43 21 -50 591 91 399 79 707 109 684 37 42 -85 125 -46 66 -30 493 -58 663 -98 409 107 523 -101 304 -85 737 -9 130 -37 243 -111 197 -85 360 -3 155 -3 460 52 76 -93 380 -39 320 -39 818 -104 409 -88 658 -66 307
-64 55 14 150 27 193 64 195 92 800 -68 483 -95 766 -43 154 75 1 -66 536 35 862 30 784 -48 64 57 160 -76 260 -50 873 111 600 71 462 -42 441 -13 525 21 121 -77 246 56 377 -2 658 -47 337 -25 559 -57 838 -24 570 -41 869 14 297 2 732 93 626 -79 627 -85 282 -2 240 -112 839 105 638 78 149 33 53 -45 760 24 726 -48 312 -23 590 -33 872 -91 478 26 444 -4 515 -52 447 -80 658 48 816 -10 223 101 116 -34 97 -60 289 54 562 -105 578 30 667 107 622 102 673 -62 6 85 922 -13 284 -24 742 -71 87 -109 153 109 6 -55 591 23 304 36 303 20 843 93 192 13 604 -70 163 0 374 -14 700 63 247 80 1 -107 14 -83 134 -25 121 -76 575 -71 379 86 467 -46 664 -83 462 110 55 70 43 -15 605 15 519 -104 757 -3 449 77 163 90 266 -58 412 107 894 100 227 -35 270 98 685 20 374 -28 114 56 465 -63 6 -76 469 -44 300 -3 431 42 765 51 858 54 364 -11 18 32 624 -43 934 15 916 94 618 32 548 -112 341 -104 80 -5 975 83 905 63 366 -28 678 105 865 10 209 -51 72 -102 782 -51 68 -30 163 -27 272 -110 622 -102 330 -61 190 -106 103 -4 96 -68 283 92 594 -25 744 -76 415 60 402 63 973 43 292 -85 653 -53 873 -33 18 58 77 32 370 -108 528 -112 154 76 566 81 660 -65 959 5 355 1 25 -67 920 -92 973 -91 192 -53 730 -44 468 9 595 -97 240 -65 917 -43 178 -88 858 -76 881 -93 847 -45 971 64 168 28 821 60 551 -82 45 -14 346 -5 731 -75 764 77 374 -66 648 -48 124 37 671 103 843 -61 373 65 677 83 184 91 7 41
1149
0 -41 0 235 2 -333 1 112 1 362 3 65 6 31 0 -100 5 434 9 109 9 313 9 -338 10 -96
11 8 1 35 11 402 13 -234 8 -25 14 251 15 -150 9 -190 7 -262 18 -179 1 149 5 88 17 29 5 286 5 284 5 111 18 -417 6 -131 20 -269 13 -227 27 358 0 16 9 -434 36 -196 30 -445 7 232 33 -70 24 -451 12 -179 36 129 10 283 5 -413 35 221 23 250 41 357 40 -340 18 -396 29 101 48 127 0 96 5 -370 53 429 43 79 2 275 45 274 41 -27
19 -80 32 -247 56 394
13 462 25 67 46 -9 8 195 31 61 19 -275 68 -51 65 300 9 24 68 183 2 -343
13 -162 65 448 35 -139 52 -326 18 47 21 147 20 -365 30 -294 24 -426 35 432
6 333 69 161 26 285 75 -387 33 391 45 -332 73 -17 24 155 76 102 72 131 92 -365 12 240 62 254 75 -396 78 -272 44 -243 48 314 6 -109 39 -58 26 60 65 -306 20 -440 60 -386 95 438 48 -199 31 -157 69 221
11 -128 35 -456 105 350 78 -160 102 303 68 -171 46 194 30 -209 43 -189 89 -439 64 -386 40 246 41 420 83 -252 2 -76 72 -271 10 136 2 401 112 312 65 114 12 364 125 -101 46 -192 131 -392 77 -297 127 -189 68
276 59 -269 100 -343 72 242 38 -398 7 454 29 205 3 216 6 209 39 -186 51 266 17 -370 145 199 70 440 98 403 129 180 49 428 145 114 130 -24 79 168 47 309 92 110 75 -202 50 -240 76 -29 154 246 22 -350 42 -368 99 -91 116 48 76 -24 138 442 54 -340 129 334 36 197 155 -122 103 -170 149 93 135 -260 86 397 77 -106 81 441 89 18 162 -172 55 -302 137 341 86 173 98 -333 101 260 155 241 177 312 124 380 5 413 87 188 92 -436 36 -395 44 -193 68 317 183 -141 151 214 53 -285 147 390 73 -437 14 174 43 153 183 371 151 -316 153 -318 49 -418 131 -403 72 261 123 6 152 -56 208
-263 63 -114 0 -86 144 381 41 -451 36 179 209 83 1 36 138 347 172 300 57 371 132 369 99 137 194 -412 170 -50 116 -396 152 333 56 -270 30 -276 156 292 96 205 146 -70 16
175 205 148 233 405 34 290 142 223 131 64 177 454 11 150 88 277 89 -373 35 -217 4 -35 91 -255 44 -92 13 298 238 -414 56 -175 197 208 53 333 191 -265 71 -408 172 142 135 453 161 11 202 257 163 315 140 256 51 142 91 -292 180
147 221 -191 78 5 135 -194 216 100 100 -144 217 357 30 -223 17 5 195 -235 21 -153 189 -387 46 -249 116 -41 211 404 115 -232 98 -200 64 339 88 118 278 -279 198 -249 215 289 184 210 139 -184 206 -9 168 83 224 378 111 -403 93 252 121 454 125 439 0 404 78 -455 79 -80 166 -457 244 -20 21 -5 67 -374 154 -88 151 -210 284 193 193 -446 255 218 200 174 148 -219 172 7 218 305 45 -132 171 -277 51 354 252 -137 294 280 206 110 267 -209 261 -21 207 59 54 106 298 -271 26 193 80 -61 33 -264 159 -199 309 363 70 -324 301 -77 41 -267 135 156 161 434 135 288
301 -411 2 -198 18 211 112 -99 69 13 289 199 291 414 126 360 21 -168 143 450 118 -321 65 -439 150 280
217 15 268 -259 262 223 201 81 251 49 87 -48 335 266 349 -80 158 -401 273 36 120 -268 54 -409 284 -9 351 119 269 42 52 -105 236 199 75 -131
285 -315 354 277 7 -232 96 331 18 432 301 -216 187 -56 349 335 164 284 301 -141 356 -26 253 -287 297 -9 138 -274 165 22 0 -159 282 259 4 260 73 234 265 278 342 30 168 -296 158 288 6 99 204 -438 134 368 59 114 277 212 311 337 90 -336 346 -351 286 450 192 422 384 379 213 -285 295 -130 213 301 0 -405 282 -70 302 449 244 91 0 279 22 -129 376 -169 39 -418 283 383 166 -364 247 -69 379 234 89 128 51 372 136 138 100 -72 237 -231 91 286 94 -30 17 -41 85 -215 26 379 220 225 142 420 292 246 125 -12 241 249 346 -314 312 -352 251 163 151 450 60 411 422 -161 407 -194 18 117 42 -382 368 158 163 -366 328 59 418 301 217 -85 12 -156 46 -169 18 -263 30 -150 31 -102 136 461 318 -185 285 269 106 -138 260 -271 404 -394 373 -193 421 104 292 423 25 394 262 -253 292 -226 383 -368 147 111 249 3 235 422 103 -453 410 -369 449 -277 136 -232 325 -285 410 185 403 -176 314 55 208 -128 449 157 207 328 375 -124 303 -171 358 200 368 188 189 436 262 -234 62 -418 132 355 347 -430 90 -335 268 -205 186 -443 390 89 194 407 72 -160 220 410 457 -17 219 168 474 -410 22 61 411 310 409 79 426 -292 85 315 102 106 304 269 355 194 453 112 315 -381 66 -397 198 269 280 -199 447 -62 487 -372 338 -415 463 -18 50 409 27 -168 99 -368 302 -38 496 -341 219 -161 0 169 469 282 49 -396 96 76 75 -429 57 -392 233 421 189 -171 77 -7 427 -55 502 -19 225 -290 169 -311 438 266 358 301 283 360 498 -453 453 233
11 288 381 -251 63 209 98 -18 488 340 124 258 396 188 13 64 335 -114 326 -234 207 155 54 -322 542 -186 128 266 467 363 34 -75 506 -219 141 -47 98 -255 181 -122 316 -144 46 264 253 386 436 455 436 -360 410 -185 552 -314 429 -377 36 246 269 454 136 126 34 -231 474 -54 539 -220 250 376 133 60 276 371 88 315 164 165 388 135 398 445 484 14 211 -184 124 201 35 -65 414 -73 351 -396 363 -308 501 -404 110 390 345 -289 98 -406 384 179 12 -149 409 150 103 -87 547 318 11 375 140 -270 299 -221 294 -292 301 -416 331 -8 328 389 105 -310 520 96 161 231 530 -443 173 -85 213 -4 129 371 138 -368 45 368 212 -430 494 455 538 118 453 284 235 425 49 -209 465 -264 339 -208 361 -67 245 235 557 355 511 -407 267 -17 9 14 575 261
377 28 408 325 53 -255 92 446 393 -8 203 -152 574 451 6 -259 546 -379 32 313 428 -59 600 -109 264 -232 545 -123 285 222 427 76 351 -378 158 447 398 -143 321 281 40 -352 146 -243 475 290 281 301 543 -52 604 -156 35 11 25 -343 486 -372 635 -343 332 134 180 -334 318 -461 38 172 206 408 578 75 294 228 255 -382 258 -173 633 247 552 398 289 -6 140 343 466 163 503 -239 445 62 90 -38 159 -77 616 109 641 -28 171 -217 322 -201 524 -164 14 -120 426 112 222 13 430 152 501 -120 331 -313 158 334 531 -224 209 271 414 -316 658 401
515 -87 683 53 220 -325 9 343 471 220 130 -263 579 64 183 12 546 95 373 -432 18 0 216 375 387 418 398 -238 431 -187 629 -182 415 -417 27 460 529 -411 686 -181 36 -395 545 -53 391 -182 497 -325 78 -257 21 -219 146 -289 172 -264 516 -99 688 174 21 76 128 4 411 -231 653 -129 14 -212 28 -339 226 -187 621 223 188 -61 292 -453 300 183 350 -447 222 -325 139 61 726 -238 483 -437 480 57 601 18 114 -212 123 -310 595 386 341 192 363 -20 302 -201 620 262 105 -413 539 -105 306 -199 63 -37 603 278 224 -325 527 208 677 -56 175 -336 460 -224 447 318 489 339 70 259 488 -121 751 -98 293 53 345 -105 287 172 94 267 382 453 366 9 381 220 44 -65 420 241 702 -236 54 -458 342 -264 165 351 749 -195 424 -323 23 -3 556 -258 564 49 637 -457 88 399 31 -238 431 -433 49 113 566 -92 435 15
274 -59 481 -399 479 -9 151 -450 699 -78 447 397 563 -409 321 2 742 -400 526 244 242 46 534 -300 554 -337 732 222 112 -228 561 433 148 101 272 246 304 259 314 107 194 306 192 -152 175 -183 54 31 136 -28 417 -75 70 -273 337 281 507 -215 107 99 716 313 69 -53 729 -42 399 244 621 366 653 -111 702 258 280 -372 317 -342 427 426 280 -206
666 243 74 -48 820 139 242 -205 653 110 289 -307 488 -413 356 291 492 120 684 341 277 434 505 -191 498 -230 395 -53 332 -136 207 -452 219 -8 14 432 50 301 428 205 661 333 710 250 194 -277 21 -12 591 -297 399 -219 707 -461 684 -389 42 263 125 -392 66 234 493 110 663 -408 409 -79 523 267 304 -131 737 35 130 59 243 -183 197 245 360 47 155 127 460 -148 76 -21 380 335 320 85 818 -66 409 -72 658 -452 307
190 55 176 150 -25 193 -208 195 418 800 -372 483 -393 766 -5 154 1 1 -174 536 -89 862 48 784 198 64 -343 160 322 260 54 873 -163 600 145 462 140 441 -217 525 321 121 -321 246 72 377 440 658 -365 337 251 559 233 838 -160 570 73 869 250 297 198 732 -305 626 -393 627 381 282 278 240 -434 839 -325 638 362 149 -123 53 -383 760 116 726 -236 312 183 590 127 872 247 478 -462 444 -20 515 -252 447 392 658 234 816 -216 223 -209 116 -390 97 -362 289 -390 562 235 578 -190 667 -199 622 -200 673 -386 6 153 922 17 284 180 742 269 87 59 153 -267 6 -431 591 53 304 172 303 -272 843 337 192 -85 604 50 163 -236 374 -22 700 243 247 -18 1 -345 14 -21 134 -241 121 -90 575 299 379 -346 467 68 664 -449 462 388 55 -166 43 -395 605 217 519 -12 757 -75 449 -383 163 -236 266 340 412 287 894 -36 227 1 270 -184 685 -366 374 -54 114 304 465 -83 6 138 469 -406 300 353 431 -278 765 -291 858 246 364 139 18 -40 624 425 934 -65 916 408 618 -262 548 -426 341 216 80 427 975 -29 905 187 366 -294 678 183 865 -28 209 377 72 162 782 263 68 -196 163 -29 272 -146 622 -18 330 71 190 454 103 -110 96 -160 283 164 594 -327 744 198 415 -152 402 41 973 -393 292 -443 653 409 873 -189 18 324 77 -248 370 276 528 72 154 -250 566 -157 660 -57 959 353 355 89 25 303 920 350 973 -333 192 -295 730 -296 468 -213 595 -153 240 -287 917 -39 178 292 858 460 881 -213 847 -193 971 -42 168 96 821 350 551 316 45 -198 346 -333 731 -45 764 -265 374 -366 648 -414 124 429 671 21 843 -233 373 -291 677 -423 184 131 7 269 531 24 835 259 460 319 63 366 777 -403 728 -14 526 426 221 187 74 -402 993 230 764 57 135 -46 997 -110 964 416 118 241 521 -135 236 207 132 273 227 415 765 -206 676 154 642 -442 763 -39 622 -323 808 0 352 29 90 24 885 171 13 320 789 -392 276 -311 923 44 775 -45 466 -110 495 121 898 351 807 228 424 315 233 -137 263 -127 970 22 1060 281 392 354 248 -308 964 254 302 111 783 -177 764 -26 20 309 444 -428 553 335 163 351 1047 9 686 341
413 88 439 -182 398 73 131 -364 570 279 30 -85 627 96 669 246 487 -70 863 71 962 106 755 -168
74 -104
524 168 1014 2 452 -266 239 -22 1080 -96 1069 7 23 8 40 -153 924 233 710 -336 907 -6 793 252 898 88 709 -442
763 69 742 158 781 69 482 -143 143 284 449 -87 703 397 505 80 1035 -86 57 -428 230 185 756 191 186 -187 612 -310 827 109 164 -389 334 -286 225 55 245 -310
1249
0 155 0 111 2 111 1 144 1 -76 3 -121 6 -61 0 -44 5 -112 9 -33 9 -127 9 6 10 16
11 -50 1 41 11 4 13 -162 8 -43 14 95 15 62 9 -110 7 -44 18 101 1 161 5 36 17 81 5 -48 5 150 5 61 18 61 6 -145 20 -17 13 87 27 108 0 44 9 52 36 140 30 43 7 78 33 -130 24 -53 12 -33 36 107 10 -37 5 55 35 -5 23 -150 41 159 40 54 18 -52 29 -87 48 83 0 22 5 -162 53 59 43 -37 2 19 45 44 41 -153
19 -12 32 7 56 -128
13 -126 25 -117 46 151 8 21 31 117 19 -157 68 -141 65 0 9 -56 68 -123 2 5
13 94 65 160 35 -91 52 -68 18 43 21 -59 20 -21 30 -90 24 -74 35 -66
6 157 69 -7 26 -161 75 129 33 151 45 84 73 17 24 -133 76 -142 72 155 92 123 12 -4 62 156 75 142 78 -48 44 -81 48 -154 6 -81 39 42 26 54 65 52 20 64 60 58 95 56 48 -7 31 -43 69 99
11 -162 35 86 105 -10 78 130 102 13 68 119 46 124 30 -49 43 -63 89 -17 64 -154 40 -128 41 88 83 78 2 152 72 -67 10 -132 2 139 112 -30 65 80 12 58 125 137 46 108 131 96 77 3 127 -75 68
62 59 -117 100 143 72 -28 38 78 7 -150 29 39 3 -34 6 -23 39 -18 51 26 17 10 145 -123 70 32 98 77 129 -74 49 70 145 28 130 96 79 154 47 81 92 -28 75 -58 50 -100 76 -159 154 -14 22 -120 42 -34 99 -71 116 -76 76 124 138 -138 54 26 129 -50 36 -15 155 128 103 44 149 115 135 -130 86 79 77 -18 81 -31 89 -110 162 112 55 88 137 67 86 69 98 5 101 62 155 71 177 -148 124 -66 5 43 87 -46 92 -80 36 127 44 25 68 -67 183 -133 151 138 53 -87 147 -62 73 -43 14 -6 43 -105 183 63 151 -32 153 -72 49 -72 131 15 72 81 123 -160 152 -10 208
-161 63 -110 0 54 144 155 41 -117 36 31 209 -161 1 -64 138 55 172 152 57 -125 132 123 99 95 194 -88 170 92 116 94 152 -155 56 -86 30 10 156 -28 96 109 146 146 16
29 205 104 233 -113 34 58 142 19 131 -42 177 16 11 -62 88 55 89 -21 35 -51 4 73 91 -67 44 -116 13 -90 238 60 56 -67 197 108 53 -71 191 -87 71 118 172 -104 135 23 161 -101 202 -55 163 115 140 -82 51 62 91 -46 180
-109 221 -63 78 119 135 64 216 24 100 -104 217 113 30 147 17 -3 195 31 21 87 189 -119 46 -81 116 143 211 -114 115 88 98 66 64 -93 88 -80 278 41 198 -29 215 29 184 30 139 36 206 -115 168 -7 224 154 111 -37 93 -118 121 -150 125 -43 0 152 78 -63 79 122 166 137 244 62 21 -57 67 4 154 132 151 -58 284 -111 193 -26 255 -94 200 2 148 159 172 41 218 -105 45 144 171 -57 51 -132 252 35 294 -140 206 -92 267 37 261 -129 207 -45 54 24 298 -93 26 19 80 1 33 90 159 -7 309 37 70 78 301 -107 41 61 135 -162 161 -100 135 94
301 -43 2 -106 18 95 112 153 69 -31 289 -9 291 4 126 44 21 130 143 26 118 -25 65 77 150 136
217 161 268 47 262 109 201 -11 251 -103 87 -154 335 -130 349 -20 158 65 273 -78 120 152 54 55 284 -105 351 29 269 -84 52 -81 236 125 75 -59
285 91 354 -61 7 60 96 -83 18 60 301 62 187 148 349 -13 164 -22 301 -115 356 -94 253 65 297 -95 138 118 165 -12 0 139 282 -101 4 -150 73 106 265 26 342 52 168 26 158 -126 6 43 204 74 134 16 59 144 277 -30 311 -115 90 126 346 89 286 -58 192 88 384 -3 213 -153 295 72 213 71 0 97 282 32 302 127 244 117 0 121 22 19 376 83 39 -26 283 99 166 38 247 9 379 74 89 -106 51 102 136 32 100 -126 237 105 91 -66 94 -28 17 47 85 5 26 99 220 25 142 114 292 -98 125 -102 241 49 346 40 312 -70 251 39 151 48 60 -77 422 89 407 -140 18 49 42 48 368 -48 163 40 328 -101 418 133 217 63 12 -48 46 121 18 -59 30 -28 31 -40 136 33 318 45 285 -55 106 -112 260 -79 404 -78 373 45 421 116 292 107 25 -104 262 -125 292 156 383 150 147 135 249 -47 235 74 103 -37 410 -121 449 149 136 -138 325 -25 410 -157 403 116 314 93 208 144 449 -91 207 42 375 -158 303 -17 358 -86 368 -100 189 68 262 -6 62 24 132 -111 347 -52 90 137 268 105 186 73 390 -39 194 155 72 118 220 58 457 141 219 -78 474 -146 22 51 411 158 409 53 426 -132 85 89 102 70 304 109 355 146 453 32 315 -19 66 -9 198 101 280 -137 447 130 487 136 338 117 463 42 50 87 27 -34 99 32 302 102 496 -45 219 87 0 7 469 -90 49 -100 96 76 75 -19 57 144 233 -53 189 103 77 85 427 -145 502 -35 225 108 169 -25 438 126 358 15 283 68 498 105 453 -97
11 -126 381 71 63 -61 98 162 488 -2 124 -84 396 -150 13 38 335 156 326 -104 207 -69 54 126 542 -148 128 -134 467 -35 34 -79 506 35 141 65 98 -123 181 -136 316 58 46 -150 253 112 436 -99 436 114 410 49 552 68 429 89 36 122 269 14 136 100 34 137 474 2 539 -136 250 40 133 40 276 -123 88 -137 164 -81 388 147 398 43 484 14 211 -98 124 -27 35 89 414 121 351 -26 363 -38 501 144 110 -74 345 -103 98 0 384 -57 12 83 409 -106 103 -85 547 -100 11 121 140 136 299 -13 294 -114 301 -74 331 -60 328 129 105 -26 520 154 161 109 530 103 173 67 213 -32 129 -149 138 -66 45 100 212 -126 494 -149 538 -22 453 112 235 29 49 51 465 70 339 62 361 -49 245 -103 557 -13 511 -95 267 -99 9 110 575 129
377 42 408 -103 53 -99 92 -92 393 68 203 122 574 -25 6 -109 546 -3 32 37 428 -1 600 -47 264 136 545 -101 285 -28 427 146 351 -66 158 83 398 -37 321 -37 40 76 146 141 475 -54 281 5 543 24 604 126 35 35 25 -147 486 -136 635 63 332 -46 180 66 318 -157 38 -86 206 128 578 69 294 132 255 -126 258 -145 633 -113 552 54 289 -130 140 -5 466 -97 503 19 445 -162 90 -50 159 -63 616 49 641 -48 171 -91 322 -43 524 -12 14 76 426 36 222 79 430 -86 501 162 331 -159 158 -50 531 56 209 125 414 -82 658 43
515 -15 683 149 220 57 9 59 471 -96 130 5 579 -12 183 142 546 129 373 78 18 30 216 -109 387 -50 398 122 431 -17 629 44 415 67 27 68 529 113 686 -65 36 -93 545 141 391 -56 497 157 78 -53 21 97 146 -127 172 -28 516 -101 688 -154 21 -118 128 64 411 47 653 45 14 12 28 119 226 -157 621 -37 188 19 292 -129 300 -51 350 83 222 121 139 -133 726 -66 483 65 480 -25 601 -116 114 -34 123 -160 595 46 341 -84 363 12 302 23 620 82 105 -119 539 83 306 -145 63 -45 603 -126 224 -19 527 94 677 154 175 -64 460 66 447 150 489 -27 70 141 488 -137 751 32 293 73 345 51 287 -36 94 155 382 -129 366 -103 381 -74 44 -55 420 -75 702 -54 54 162 342 82 165 -145 749 -35 424 11 23 1 556 88 564 -91 637 -107 88 53 31 66 431 109 49 101 566 124 435 53
274 23 481 95 479 121 151 -84 699 -58 447 -3 563 55 321 108 742 -78 526 -30 242 54 534 -6 554 -105 732 122 112 30 561 -21 148 -147 272 90 304 -125 314 15 194 58 192 -108 175 129 54 75 136 60 417 -17 70 103 337 -161 507 95 107 -21 716 -131 69 111 729 -30 399 44 621 -38 653 -5 702 20 280 140 317 -6 427 66 280 114
666 153 74 -88 820 37 242 73 653 -82 289 -61 488 -87 356 -3 492 28 684 -19 277 -148 505 59 498 158 395 -37 332 10 207 152 219 90 14 -32 50 -103 428 119 661 107 710 160 194 -161 21 -92 591 51 399 -107 707 121 684 53 42 -39 125 -38 66 -116 493 -154 663 24 409 -43 523 -135 304 -3 737 89 130 71 243 163 197 -123 360 -157 155 -11 460 36 76 37 380 157 320 -77 818 138 409 -142 658 -4 307
66 55 82 150 -129 193 134 195 124 800 100 483 -39 766 39 154 107 1 -28 536 7 862 -60 784 142 64 57 160 24 260 -8 873 21 600 -151 462 152 441 81 525 25 121 127 246 64 377 -156 658 -113 337 -105 559 71 838 142 570 145 869 46 297 138 732 -9 626 -37 627 -161 282 70 240 66 839 -25 638 24 149 -87 53 -77 760 58 726 64 312 -151 590 97 872 95 478 -104 444 -126 515 -112 447 126 658 44 816 90 223 -127 116 42 97 -142 289 -62 562 -73 578 -74 667 103 622 114 673 -66 6 -5 922 19 284 110 742 111 87 -95 153 -77 6 -107 591 -133 304 72 303 -40 843 -11 192 -133 604 18 163 -98 374 136 700 9 247 -16 1 -5 14 63 134 97 121 -86 575 -135 379 58 467 -30 664 21 462 -28 55 -100 43 -97 605 -19 519 100 757 -27 449 65 163 34 266 64 412 9 894 32 227 -137 270 12 685 142 374 -58 114 140 465 145 6 144 469 -128 300 61 431 64 765 103 858 -148 364 141 18 -22 624 103 934 -73 916 -92 618 -80 548 -100 341 0 80 -79 975 105 905 -7 366 100 678 121 865 56 209 -21 72 118 782 123 68 118 163 153 272 -90 622 26 330 -137 190 -40 103 92 96 96 283 136 594 -85 744 -116 415 140 402 -135 973 -137 292 -25 653 31 873 -83 18 114 77 20 370 -116 528 -34 154 158 566 15 660 157 959 -115 355 -91 25 -61 920 108 973 -127 192 -21 730 -68 468 -71 595 53 240 137 917 69 178 -44 858 136 881 -37 847 -51 971 -36 168 -22 821 -140 551 62 45 108 346 -13 731 73 764 -49 374 -40 648 60 124 -143 671 113 843 125 373 -113 677 123 184 137 7 -79 531 150 835 27 460 -53 63 126 777 55 728 -22 526 -42 221 111 74 -126 993 -130 764 93 135 38 997 -22 964 -132 118 31 521 61 236 131 132 -45 227 -71 765 -68 676 -124 642 160 763 -109 622 -69 808 -36 352 -121 90 62 885 -59 13 -92 789 -102 276 -93 923 -144 775 -133 466 -36 495 53 898 -143 807 46 424 163 233 77 263 103 970 -154 1060 127 392 -78 248 74 964 -2 302 -151 783 -105 764 130 20 103 444 -134 553 123 163 -89 1047 107 686 33
413 -126 439 108 398 161 131 56 570 1 30 -71 627 -136 669 -150 487 100 863 -17 962 -78 755 150
74 -6
524 26 1014 114 452 -48 239 -64 1080 158 1069 -119 23 -40 40 -39 924 39 710 -94 907 -28 793 122 898 20 709 -8
763 111 742 -130 781 -49 482 37 143 78 449 -33 703 -127 505 68 1035 86 57 -18 230 163 756 47 186 65 612 12 827 -57 164 -115 334 -8 225 -1 245 128 192 40 213 18 362 17 1040 1 859 67 831 77 211 -106 351 44 964 -6
1126 -16 724 -44 397 -146 225 -86 1011 6 464 -67 1157 -25 282 154 659 128 198 3 865
29 719 131 161 26 968 -16 137 13 1008 -85 350 -143 567 37 770 68 583 -148 459 109 65 -42 650 -112 182 -92 747 70 1056 -2 207 46
567 -77 575 123 297 0 1074 108 256 -88 747 45 121 71 242 31 676 99 286 159 676 48 610 1 248 112
1173 104 38 -65 0 156 687 146 538 109 848 51 128 128 1108 -118 231 62 160 -16 709 89 585 125 126 118 1166 86 520 -151 643 -143 940 -21 148 -8 536 45 549 80 93 82 874 95 247 -99 578 -21 39 -28 1197 -102 742 -129 907 87 414 80 864 136 236 -120 547 -67 1058 -27 44 154 745 63 764 144 1062 156 814 85 1149 -123 649 103 915 67 307 44 1125 -133 1127 89
647 87 623 -135 776 -1 429 140 413 57 1047 95 33 -27
1349
0 155 0 111 2 111 1 144 1 -76 3 -121 6 -61 0 -44 5 -112 9 -33 9 -127 9 6 10 16
11 -50 1 41 11 4 13 -162 8 -43 14 95 15 62 9 -110 7 -44 18 101 1 161 5 36 17 81 5 -48 5 150 5 61 18 61 6 -145 20 -17 13 87 27 108 0 44 9 52 36 140 30 43 7 78 33 -130 24 -53 12 -33 36 107 10 -37 5 55 35 -5 23 -150 41 159 40 54 18 -52 29 -87 48 83 0 22 5 -162 53 59 43 -37 2 19 45 44 41 -153
19 -12 32 7 56 -128
13 -126 25 -117 46 151 8 21 31 117 19 -157 68 -141 65 0 9 -56 68 -123 2 5
13 94 65 160 35 -91 52 -68 18 43 21 -59 20 -21 30 -90 24 -74 35 -66
6 157 69 -7 26 -161 75 129 33 151 45 84 73 17 24 -133 76 -142 72 155 92 123 12 -4 62 156 75 142 78 -48 44 -81 48 -154 6 -81 39 42 26 54 65 52 20 64 60 58 95 56 48 -7 31 -43 69 99
11 -162 35 86 105 -10 78 130 102 13 68 119 46 124 30 -49 43 -63 89 -17 64 -154 40 -128 41 88 83 78 2 152 72 -67 10 -132 2 139 112 -30 65 80 12 58 125 137 46 108 131 96 77 3 127 -75 68
62 59 -117 100 143 72 -28 38 78 7 -150 29 39 3 -34 6 -23 39 -18 51 26 17 10 145 -123 70 32 98 77 129 -74 49 70 145 28 130 96 79 154 47 81 92 -28 75 -58 50 -100 76 -159 154 -14 22 -120 42 -34 99 -71 116 -76 76 124 138 -138 54 26 129 -50 36 -15 155 128 103 44 149 115 135 -130 86 79 77 -18 81 -31 89 -110 162 112 55 88 137 67 86 69 98 5 101 62 155 71 177 -148 124 -66 5 43 87 -46 92 -80 36 127 44 25 68 -67 183 -133 151 138 53 -87 147 -62 73 -43 14 -6 43 -105 183 63 151 -32 153 -72 49 -72 131 15 72 81 123 -160 152 -10 208
-161 63 -110 0 54 144 155 41 -117 36 31 209 -161 1 -64 138 55 172 152 57 -125 132 123 99 95 194 -88 170 92 116 94 152 -155 56 -86 30 10 156 -28 96 109 146 146 16
29 205 104 233 -113 34 58 142 19 131 -42 177 16 11 -62 88 55 89 -21 35 -51 4 73 91 -67 44 -116 13 -90 238 60 56 -67 197 108 53 -71 191 -87 71 118 172 -104 135 23 161 -101 202 -55 163 115 140 -82 51 62 91 -46 180
-109 221 -63 78 119 135 64 216 24 100 -104 217 113 30 147 17 -3 195 31 21 87 189 -119 46 -81 116 143 211 -114 115 88 98 66 64 -93 88 -80 278 41 198 -29 215 29 184 30 139 36 206 -115 168 -7 224 154 111 -37 93 -118 121 -150 125 -43 0 152 78 -63 79 122 166 137 244 62 21 -57 67 4 154 132 151 -58 284 -111 193 -26 255 -94 200 2 148 159 172 41 218 -105 45 144 171 -57 51 -132 252 35 294 -140 206 -92 267 37 261 -129 207 -45 54 24 298 -93 26 19 80 1 33 90 159 -7 309 37 70 78 301 -107 41 61 135 -162 161 -100 135 94
301 -43 2 -106 18 95 112 153 69 -31 289 -9 291 4 126 44 21 130 143 26 118 -25 65 77 150 136
217 161 268 47 262 109 201 -11 251 -103 87 -154 335 -130 349 -20 158 65 273 -78 120 152 54 55 284 -105 351 29 269 -84 52 -81 236 125 75 -59
285 91 354 -61 7 60 96 -83 18 60 301 62 187 148 349 -13 164 -22 301 -115 356 -94 253 65 297 -95 138 118 165 -12 0 139 282 -101 4 -150 73 106 265 26 342 52 168 26 158 -126 6 43 204 74 134 16 59 144 277 -30 311 -115 90 126 346 89 286 -58 192 88 384 -3 213 -153 295 72 213 71 0 97 282 32 302 127 244 117 0 121 22 19 376 83 39 -26 283 99 166 38 247 9 379 74 89 -106 51 102 136 32 100 -126 237 105 91 -66 94 -28 17 47 85 5 26 99 220 25 142 114 292 -98 125 -102 241 49 346 40 312 -70 251 39 151 48 60 -77 422 89 407 -140 18 49 42 48 368 -48 163 40 328 -101 418 133 217 63 12 -48 46 121 18 -59 30 -28 31 -40 136 33 318 45 285 -55 106 -112 260 -79 404 -78 373 45 421 116 292 107 25 -104 262 -125 292 156 383 150 147 135 249 -47 235 74 103 -37 410 -121 449 149 136 -138 325 -25 410 -157 403 116 314 93 208 144 449 -91 207 42 375 -158 303 -17 358 -86 368 -100 189 68 262 -6 62 24 132 -111 347 -52 90 137 268 105 186 73 390 -39 194 155 72 118 220 58 457 141 219 -78 474 -146 22 51 411 158 409 53 426 -132 85 89 102 70 304 109 355 146 453 32 315 -19 66 -9 198 101 280 -137 447 130 487 136 338 117 463 42 50 87 27 -34 99 32 302 102 496 -45 219 87 0 7 469 -90 49 -100 96 76 75 -19 57 144 233 -53 189 103 77 85 427 -145 502 -35 225 108 169 -25 438 126 358 15 283 68 498 105 453 -97
11 -126 381 71 63 -61 98 162 488 -2 124 -84 396 -150 13 38 335 156 326 -104 207 -69 54 126 542 -148 128 -134 467 -35 34 -79 506 35 141 65 98 -123 181 -136 316 58 46 -150 253 112 436 -99 436 114 410 49 552 68 429 89 36 122 269 14 136 100 34 137 474 2 539 -136 250 40 133 40 276 -123 88 -137 164 -81 388 147 398 43 484 14 211 -98 124 -27 35 89 414 121 351 -26 363 -38 501 144 110 -74 345 -103 98 0 384 -57 12 83 409 -106 103 -85 547 -100 11 121 140 136 299 -13 294 -114 301 -74 331 -60 328 129 105 -26 520 154 161 109 530 103 173 67 213 -32 129 -149 138 -66 45 100 212 -126 494 -149 538 -22 453 112 235 29 49 51 465 70 339 62 361 -49 245 -103 557 -13 511 -95 267 -99 9 110 575 129
377 42 408 -103 53 -99 92 -92 393 68 203 122 574 -25 6 -109 546 -3 32 37 428 -1 600 -47 264 136 545 -101 285 -28 427 146 351 -66 158 83 398 -37 321 -37 40 76 146 141 475 -54 281 5 543 24 604 126 35 35 25 -147 486 -136 635 63 332 -46 180 66 318 -157 38 -86 206 128 578 69 294 132 255 -126 258 -145 633 -113 552 54 289 -130 140 -5 466 -97 503 19 445 -162 90 -50 159 -63 616 49 641 -48 171 -91 322 -43 524 -12 14 76 426 36 222 79 430 -86 501 162 331 -159 158 -50 531 56 209 125 414 -82 658 43
515 -15 683 149 220 57 9 59 471 -96 130 5 579 -12 183 142 546 129 373 78 18 30 216 -109 387 -50 398 122 431 -17 629 44 415 67 27 68 529 113 686 -65 36 -93 545 141 391 -56 497 157 78 -53 21 97 146 -127 172 -28 516 -101 688 -154 21 -118 128 64 411 47 653 45 14 12 28 119 226 -157 621 -37 188 19 292 -129 300 -51 350 83 222 121 139 -133 726 -66 483 65 480 -25 601 -116 114 -34 123 -160 595 46 341 -84 363 12 302 23 620 82 105 -119 539 83 306 -145 63 -45 603 -126 224 -19 527 94 677 154 175 -64 460 66 447 150 489 -27 70 141 488 -137 751 32 293 73 345 51 287 -36 94 155 382 -129 366 -103 381 -74 44 -55 420 -75 702 -54 54 162 342 82 165 -145 749 -35 424 11 23 1 556 88 564 -91 637 -107 88 53 31 66 431 109 49 101 566 124 435 53
274 23 481 95 479 121 151 -84 699 -58 447 -3 563 55 321 108 742 -78 526 -30 242 54 534 -6 554 -105 732 122 112 30 561 -21 148 -147 272 90 304 -125 314 15 194 58 192 -108 175 129 54 75 136 60 417 -17 70 103 337 -161 507 95 107 -21 716 -131 69 111 729 -30 399 44 621 -38 653 -5 702 20 280 140 317 -6 427 66 280 114
666 153 74 -88 820 37 242 73 653 -82 289 -61 488 -87 356 -3 492 28 684 -19 277 -148 505 59 498 158 395 -37 332 10 207 152 219 90 14 -32 50 -103 428 119 661 107 710 160 194 -161 21 -92 591 51 399 -107 707 121 684 53 42 -39 125 -38 66 -116 493 -154 663 24 409 -43 523 -135 304 -3 737 89 130 71 243 163 197 -123 360 -157 155 -11 460 36 76 37 380 157 320 -77 818 138 409 -142 658 -4 307
66 55 82 150 -129 193 134 195 124 800 100 483 -39 766 39 154 107 1 -28 536 7 862 -60 784 142 64 57 160 24 260 -8 873 21 600 -151 462 152 441 81 525 25 121 127 246 64 377 -156 658 -113 337 -105 559 71 838 142 570 145 869 46 297 138 732 -9 626 -37 627 -161 282 70 240 66 839 -25 638 24 149 -87 53 -77 760 58 726 64 312 -151 590 97 872 95 478 -104 444 -126 515 -112 447 126 658 44 816 90 223 -127 116 42 97 -142 289 -62 562 -73 578 -74 667 103 622 114 673 -66 6 -5 922 19 284 110 742 111 87 -95 153 -77 6 -107 591 -133 304 72 303 -40 843 -11 192 -133 604 18 163 -98 374 136 700 9 247 -16 1 -5 14 63 134 97 121 -86 575 -135 379 58 467 -30 664 21 462 -28 55 -100 43 -97 605 -19 519 100 757 -27 449 65 163 34 266 64 412 9 894 32 227 -137 270 12 685 142 374 -58 114 140 465 145 6 144 469 -128 300 61 431 64 765 103 858 -148 364 141 18 -22 624 103 934 -73 916 -92 618 -80 548 -100 341 0 80 -79 975 105 905 -7 366 100 678 121 865 56 209 -21 72 118 782 123 68 118 163 153 272 -90 622 26 330 -137 190 -40 103 92 96 96 283 136 594 -85 744 -116 415 140 402 -135 973 -137 292 -25 653 31 873 -83 18 114 77 20 370 -116 528 -34 154 158 566 15 660 157 959 -115 355 -91 25 -61 920 108 973 -127 192 -21 730 -68 468 -71 595 53 240 137 917 69 178 -44 858 136 881 -37 847 -51 971 -36 168 -22 821 -140 551 62 45 108 346 -13 731 73 764 -49 374 -40 648 60 124 -143 671 113 843 125 373 -113 677 123 184 137 7 -79 531 150 835 27 460 -53 63 126 777 55 728 -22 526 -42 221 111 74 -126 993 -130 764 93 135 38 997 -22 964 -132 118 31 521 61 236 131 132 -45 227 -71 765 -68 676 -124 642 160 763 -109 622 -69 808 -36 352 -121 90 62 885 -59 13 -92 789 -102 276 -93 923 -144 775 -133 466 -36 495 53 898 -143 807 46 424 163 233 77 263 103 970 -154 1060 127 392 -78 248 74 964 -2 302 -151 783 -105 764 130 20 103 444 -134 553 123 163 -89 1047 107 686 33
413 -126 439 108 398 161 131 56 570 1 30 -71 627 -136 669 -150 487 100 863 -17 962 -78 755 150
74 -6
524 26 1014 114 452 -48 239 -64 1080 158 1069 -119 23 -40 40 -39 924 39 710 -94 907 -28 793 122 898 20 709 -8
763 111 742 -130 781 -49 482 37 143 78 449 -33 703 -127 505 68 1035 86 57 -18 230 163 756 47 186 65 612 12 827 -57 164 -115 334 -8 225 -1 245 128 192 40 213 18 362 17 1040 1 859 67 831 77 211 -106 351 44 964 -6
1126 -16 724 -44 397 -146 225 -86 1011 6 464 -67 1157 -25 282 154 659 128 198 3 865
29 719 131 161 26 968 -16 137 13 1008 -85 350 -143 567 37 770 68 583 -148 459 109 65 -42 650 -112 182 -92 747 70 1056 -2 207 46
567 -77 575 123 297 0 1074 108 256 -88 747 45 121 71 242 31 676 99 286 159 676 48 610 1 248 112
1173 104 38 -65 0 156 687 146 538 109 848 51 128 128 1108 -118 231 62 160 -16 709 89 585 125 126 118 1166 86 520 -151 643 -143 940 -21 148 -8 536 45 549 80 93 82 874 95 247 -99 578 -21 39 -28 1197 -102 742 -129 907 87 414 80 864 136 236 -120 547 -67 1058 -27 44 154 745 63 764 144 1062 156 814 85 1149 -123 649 103 915 67 307 44 1125 -133 1127 89
647 87 623 -135 776 -1 429 140 413 57 1047 95 33 -27 705 -78 503 153 664 -52 590 -3 1236 -138 552 10 574 44 174 95 173 -123 241 -34 38 -7 631 121 460 -148 1209 -135 449 -154 13 76 965 158 1254 162 166 -131 1212 -126 1208 -73 638 61 822 101 1123 51 911 -78 607 -40 617 -107 885 -108 657 145 503 -35 229 -42 686 62 189 126 458 26 834 -158 355 -79 995 22 1222 74 727 -20 1125 -71 1036 -11 25 83 894 57 42 -136 747 59 187 -52 179 -86 1084 40 12 51 914 -26 416 51 172 -155 623 41 1185 -79 311 29 691 146 94 -7 461 -73 691 41 367 10 1012 -104 826 146 539 105 710 -82 1178 -13 745 32 1061 -90 1232 -40 262 16 284 -82 1224 -79 481 -113 180 -135 352 43 187 -12 173 -21 343 -7 1072 -120 142 72 860 -139 1187 -38 1305 -117 1254 -20 268 -4 473 51 696 -138 1290 130 1242 122 573 158 564 33 544 -128 510 120 1023 -18 1053 157 540 -86 62 -153 339 -78 806 84 916 -121 152 57
0
