5
4
3
3
1 2 4
0 3
5
2 3
3
0 4
0 1 4
2 3
5
1 2 3 4
0 4
0
0 4
0 1 3
5
1 2 3 4
0 2 4
0 1 3 4
0 2
0 1 2
5
3 4
3 4
4
0 1 4
0 1 2 3
8
3 4 6 7
2 4
1 3 5 7
0 2 4 5
0 1 3 6 7
2 3 6
0 4 5
0 2 4
8
3 6
2 7
1 5
0 4 7
3 5
2 4
0
1 3
8
1 4 5
0 4 7
4 7
4 6 7
0 1 2 3 5
0 4
3
1 2 3
8
1 3 5 7
0 2 3 4 5 7
1 3 4 5 6
0 1 2 4 5 6 7
1 2 3 5 6 7
0 1 2 3 4 6
2 3 4 5 7
0 1 3 4 6
18
1 2 3 4 5 6 7 8 9 10 12 13 15 16 17
0 3 4 5 6 7 8 9 10 11 12 14 15 16 17
0 3 4 5 6 8 9 10 11 12 13 14 15 16 17
0 1 2 4 5 6 7 8 9 10 11 12 13 15 16 17
0 1 2 3 5 6 7 8 10 11 12 13 14 15 16 17
0 1 2 3 4 6 8 9 10 11 12 13 14 15 16 17
0 1 2 3 4 5 7 9 10 12 13 14 15 16 17
0 1 3 4 6 8 9 10 11 12 13 14 15 16 17
0 1 2 3 4 5 7 9 10 11 12 13 14 15 17
0 1 2 3 5 6 7 8 10 11 13 14 15 16 17
0 1 2 3 4 5 6 7 8 9 11 12 13 14 15 17
1 2 3 4 5 7 8 9 10 12 15 16
0 1 2 3 4 5 6 7 8 10 11 13 15 16 17
0 2 3 4 5 6 7 8 9 10 12 14 15 16
1 2 4 5 6 7 8 9 10 13 16
0 1 2 3 4 5 6 7 8 9 10 11 12 13 16
0 1 2 3 4 5 6 7 9 11 12 13 14 15 17
0 1 2 3 4 5 6 7 8 9 10 12 16
18
2 3 4 5 7 10 11 12 13 14 16 17
4 5 6 8 10 11 12 13 14 15 16
0 3 4 6 8 9 10 11 12 14 15 16 17
0 2 4 5 6 7 9 10 11 14 15 17
0 1 2 3 6 7 8 10 14 15
0 1 3 6 7 12 13 14 16 17
1 2 3 4 5 7 9 10 12 13 15 16
0 3 4 5 6 11 12 14 15 16 17
1 2 4 10 11 12 14 16 17
2 3 6 10 11 13 16 17
0 1 2 3 4 6 8 9 11 12 14 16
0 1 2 3 7 8 9 10 12 15 16
0 1 2 5 6 7 8 10 11 14 15 17
0 1 5 6 9 14 16
0 1 2 3 4 5 7 8 10 12 13
1 2 3 4 6 7 11 12 17
0 1 2 5 6 7 8 9 10 11 13 17
0 2 3 5 7 8 9 12 15 16
18
1 4 6 7 8 11
0 2 5 10 13 14
1 5 6 8 11 12 13
8 11 12 13 15 16
0 5 11 14 17
1 2 4 6 7 9 10 13 17
0 2 5 7 9 10 12 15
0 5 6 8 9 10 11 12 13 15 16 17
0 2 3 7 13 16 17
5 6 7 11 15 17
1 5 6 7 11 12 15
0 2 3 4 7 9 10 12 14 15 17
2 3 6 7 10 11 13 14
1 2 3 5 7 8 12 14 15
1 4 11 12 13 16
3 6 7 9 10 11 13
3 7 8 14
4 5 7 8 9 11
18
1 4 8 12 15 17
0 3 10 11 15 17
5 14
1 4 6 8 17
0 3 6 12 14 17
2 9 11 13
3 4 13 14 15
11 12 17
0 3 15 16
5
1 11 16
1 5 7 10 13 14 17
0 4 7 15
5 6 11 15 17
2 4 6 11 17
0 1 6 8 12 13
8 10 17
0 1 3 4 7 11 13 14 16
18
1 4 6 9 12
0 6 9
4 5 6 8 14
12 15 16
0 2 8 12
2 11
0 1 2
12
2 4 17
0 1 12
14 17
5 13
0 3 4 7 9 14
11 17
2 10 12 16
3 16
3 14 15
8 10 13
0
